1.861724152826332683e-03 1.006021654078714106e-03 1.116110846942590948e-03 1.134404325030554436e-03 2.794657989462083214e-01 1.062864298525171549e-03 8.783857824992279302e-04 9.151436431609163329e-04 5.722307411369872976e-02 1.405662959092018058e-03 1.719064644242018639e-03 7.474573883826179932e-02 5.442584070177289290e-02 5.800465773608839276e-02 1.104168223052185436e-03 4.384054271817673931e-01 6.475018162952572362e-03 1.602856254927295665e-02 1.245674738312296500e-03 1.776656502214974190e-03
4.991702602692679389e-03 2.610610527327554640e-03 2.351618415824177372e-03 3.086510440793029889e-03 3.133954488316094134e-01 2.842162344089154812e-03 2.305918164675699843e-03 2.411991989225042640e-03 6.573622301190629180e-02 3.960714643430799688e-03 4.739087488467062272e-03 4.470917685339715480e-02 5.224406872293566734e-02 6.972709911323424214e-02 2.996313322715775992e-03 3.737148322821164936e-01 1.581788390716650991e-02 2.389647792227290665e-02 3.464675391197637611e-03 4.997484024922877084e-03
1.177904292831318846e-02 3.076310248833675088e-03 2.466035016903924109e-03 4.023729621026552426e-03 3.161171552404581364e-01 3.521928765579532619e-03 2.667204674182808814e-03 2.922203148251938890e-03 2.944501025457719676e-02 8.317271755207508721e-03 1.048448925352109609e-02 1.036774050311147499e-01 1.680645800298362705e-02 3.248589593027911143e-02 3.855129084404630528e-03 3.941746867391706655e-01 3.175904881784152867e-02 5.090867610040967182e-03 7.277049305625037275e-03 1.005307857168410632e-02
1.922222271910608085e-03 1.208622249270208549e-03 1.270722734827644000e-03 1.340238461745591522e-03 3.896326136255402472e-01 1.270392209470727401e-03 1.081260344721716353e-03 1.122227298822406870e-03 4.178653128026615232e-02 1.591110666469357313e-03 1.835634852466680195e-03 2.346181057965864708e-02 3.704706951672684379e-02 4.357514002779024065e-02 1.312466788122012293e-03 4.113008936835571006e-01 3.691389288642499874e-03 3.220072336480306330e-02 1.443162110182058576e-03 1.905768645006008849e-03
5.312287721087351894e-02 6.280811089399156166e-02 1.964937705169239254e-02 6.696290538494688305e-02 7.439274580862216459e-04 7.266873719561872669e-02 4.590368799681333878e-02 4.974799486227240997e-02 1.743817492527690661e-03 1.376446843191247715e-01 9.807243689002051457e-02 1.705975525305545096e-02 5.140135276521124461e-04 7.100312624151023516e-03 7.505332740711702366e-02 1.789962341056793721e-02 2.236116196651632276e-02 3.345456565517490057e-04 8.057060924848299943e-02 1.700380941499374798e-01
3.541183326799147470e-03 1.343289579548230485e-03 1.250214484646344684e-03 1.708388481656863403e-03 4.921809442003749480e-01 1.517306145997699774e-03 1.095013149540915607e-03 1.178947625892894221e-03 4.028052095437332364e-02 2.434511105634979810e-03 3.180042907413020269e-03 5.410187102448200253e-02 2.991552076157403747e-02 4.469099972552376121e-02 1.639514233208457005e-03 2.942100133341666868e-01 1.349514678843845294e-02 6.835079198153464104e-03 2.044201819277662903e-03 3.357291153297143737e-03
1.246843444277509066e-01 3.698335320241703111e-02 2.491079012063843190e-02 4.302001216936460204e-02 1.584094559660620231e-03 4.046716182128858030e-02 2.781529663394845947e-02 3.096982642719612114e-02 3.950383385747435749e-03 9.761634223541182376e-02 1.669996943039337156e-01 2.814308947923465504e-02 9.279734116895971404e-04 1.973355056204773375e-02 4.012020199444129437e-02 3.315889739105223194e-02 2.445153604249013929e-02 4.547503116659006289e-04 3.958675795165336742e-02 2.144219435683672736e-01
3.335507966885735420e-02 7.923922849441128458e-03 3.508431952890119464e-03 1.266631374558723454e-02 2.511663174421507327e-01 1.032313371522138382e-02 5.897444440605538983e-03 6.555755392503409898e-03 3.463634133055067121e-02 2.254862225254878130e-02 2.984032486129988004e-02 2.004142634367861442e-01 1.449339426612796140e-02 4.122664248488686761e-02 1.211368434133311238e-02 1.388123288834695324e-01 1.230196633154823083e-01 2.176104801699896025e-03 1.798352243508414411e-02 3.133870838347390525e-02
1.324418208423574217e-01 3.758142863643600812e-02 1.057896247293897869e-02 5.337188103537853640e-02 4.052381884235902246e-03 4.671030592668602710e-02 2.660624270821491250e-02 2.853297740575012897e-02 2.222062995625887979e-02 9.355605165956730473e-02 1.205625846016307179e-01 4.895636687350989058e-02 2.654357408134913002e-03 3.385880988049652651e-02 5.216985319276529892e-02 5.380196139091416446e-02 4.695870675332956823e-02 5.550131033659957015e-04 6.919504454737679389e-02 1.156346197206520598e-01
1.414827777232901818e-01 2.920762043870816019e-02 3.359912516938793909e-03 4.893247288808478396e-02 1.163871200239521841e-02 4.022627334183804387e-02 1.734829257422028023e-02 1.820313554459360161e-02 2.952306723848869066e-02 9.031798828246732913e-02 1.113588415527297787e-01 5.992151793793901865e-02 6.026688294350333701e-03 3.535459512604440663e-02 4.931822159870210415e-02 5.836394895174387004e-02 7.589433898646930077e-02 7.995378138345723366e-04 8.287084586778967199e-02 8.985121131937152950e-02
1.201928903120391343e-02 2.384266717374759325e-03 8.498494974989220102e-04 4.159901629841477287e-03 9.910925764189829068e-02 3.237422791959206330e-03 1.913255172714915277e-03 2.205296847905270120e-03 2.054553424647575025e-02 7.685908330082364195e-03 1.049239661759055961e-02 3.320911312847820152e-01 9.564920976018407781e-03 2.339170435659285868e-02 3.976518124926635075e-03 3.507892188126240374e-01 9.817868985320073183e-02 4.917658419392132449e-04 6.354445033861301148e-03 1.055922719150930410e-02
8.834528153789956983e-02 7.576281395302734978e-02 6.786525682645675080e-03 9.811500175723127104e-02 4.273882062807702513e-04 1.007213206362116698e-01 2.996482421692556533e-02 2.713057998422834308e-02 7.371505923904023150e-03 1.013616233132150490e-01 7.674356506053189864e-02 2.255954414628392676e-02 3.556494837101463555e-04 1.267692050083483318e-02 1.161271815793607359e-01 2.001283160099525879e-02 2.721522960218943077e-02 1.381755335109550976e-04 1.330623066916714337e-01 5.512173058934192321e-02
1.995357287953499273e-02 2.271852607834095542e-03 5.671340370111859538e-04 4.419421669786462170e-03 4.747845147048571773e-02 3.330866322226087427e-03 1.817729803326438055e-03 2.076274934999804925e-03 2.347993946299911303e-02 1.302141395219506316e-02 1.737903257638265947e-02 4.127617727644453116e-01 1.163591408790504329e-02 2.654959315455458768e-02 4.241344096538434555e-03 1.565661728330739189e-01 2.239852713457742839e-01 3.754339267827745425e-04 1.078075547776697132e-02 1.730805259637711868e-02
1.427072355674360860e-01 3.201239364746266691e-02 7.223304835700069745e-03 5.237043359774085083e-02 4.260751010650601182e-03 4.352009238284254566e-02 2.141555446613475910e-02 2.243410308950373466e-02 2.234059214605899762e-02 8.970382607237310790e-02 1.098607370069650258e-01 5.960638739520082718e-02 2.353113957818619550e-03 2.971424089377681585e-02 5.302226143342860659e-02 5.298727769445953778e-02 8.166057432845036379e-02 5.406968035757363494e-04 8.579857755206475589e-02 8.646784611835654777e-02
1.309543144250152613e-01 4.350220558387657421e-02 5.719149677230465044e-03 6.770749013333657307e-02 9.108271561244017222e-04 6.114879457858510975e-02 2.594114082912750072e-02 2.644532132637287050e-02 1.396052055844393229e-02 1.096362400816772859e-01 1.091518104806764172e-01 3.340102479233052202e-02 7.216363389775736588e-04 1.940375035288436148e-02 7.479028958352855472e-02 3.169889740418892210e-02 4.306873318494203878e-02 2.089768928528083834e-04 1.183134100266333560e-01 8.331546659319569170e-02
1.344749684221483721e-01 2.339490917868361150e-02 5.836928663865255211e-03 3.959831225431226925e-02 1.151894870826190506e-02 3.169777693268122781e-02 1.752557087835829308e-02 1.925339913958227372e-02 3.801249046996187791e-02 7.501988659234717916e-02 1.034109494235046778e-01 8.459819861638889771e-02 6.019352345956786171e-03 4.687445010036111331e-02 3.843722561887940453e-02 7.832198530487850807e-02 9.503464669131209130e-02 8.553232804550288393e-04 6.275245818190415548e-02 8.736221919615719256e-02
1.143644938463948685e-01 8.180405065155452182e-02 2.778480979042818443e-03 9.442003984977972997e-02 1.792844173902493027e-04 8.378484507491601452e-02 5.998310032791755175e-02 5.804813795194498777e-02 1.408706052207285390e-02 1.023443152787852778e-01 9.520636423087552869e-02 2.470622470951209723e-02 1.942569912700992259e-04 1.695861605508429751e-02 7.678587147094083354e-02 2.304879262406573856e-02 2.523189211385054934e-02 1.091198965373269859e-04 6.267257312063112540e-02 6.329247988743338937e-02
1.215043793892488233e-01 5.247601858234818284e-02 2.311285285270723872e-03 7.645072915160942839e-02 7.976281486514232976e-04 6.915482747259199536e-02 3.436403429744191995e-02 3.553171889082423762e-02 1.532319348986314542e-02 1.130319265469014317e-01 1.057128744571513290e-01 3.362799170539602228e-02 7.921612967410427558e-04 1.964377252139254404e-02 7.821152466786294999e-02 3.138301135988821877e-02 3.841068161147796756e-02 1.578348335096483798e-04 9.302677526064409563e-02 7.808763103118503135e-02
1.141537443301346849e-01 4.993526374719761685e-02 8.672270189180495640e-04 8.334401439150752877e-02 6.197511198834219654e-04 7.400174655894754816e-02 3.907006293421787929e-02 4.008307604653636724e-02 1.123261415068479638e-02 1.020317013835858044e-01 9.340997048788442225e-02 2.986227055726677418e-02 1.493811322628702887e-03 1.559741282757646716e-02 9.124864859677123130e-02 2.782787513332523818e-02 3.682449757289438935e-02 1.380873040418306198e-04 1.227235764327076900e-01 6.553464808328945956e-02
1.890738474674677483e-01 3.435638973558152731e-02 5.199759280841876209e-04 4.457935746294214296e-02 2.342198264111631633e-04 3.861611958818966100e-02 3.253101046594699536e-02 3.867753550021243991e-02 1.932054900222048358e-02 8.977934005508766968e-02 1.656131344011479156e-01 3.169617929176469368e-02 7.438811559700869453e-04 2.445621380837808764e-02 3.917743927352317079e-02 3.701872453092402288e-02 2.823516932968010013e-02 1.212281978527891639e-04 4.125030688186193811e-02 1.439993780967532833e-01
1.125731320749161074e-01 5.537520082605307953e-02 1.346444302227374447e-03 7.901434812165576693e-02 3.991368425626149689e-04 7.415800145273895860e-02 4.314017904209072052e-02 4.457713448990726496e-02 1.283869029826391686e-02 1.038330662245745134e-01 9.431083048070681984e-02 2.817599285459927022e-02 6.678037766697148860e-04 1.673763016159664566e-02 8.667387409790552888e-02 2.645767183990983817e-02 3.370010280529208563e-02 1.610920510115553266e-04 1.165228919346301406e-01 6.933677632268815672e-02
1.492660206094066078e-01 3.018269050221444871e-02 4.917891603938042127e-04 5.058705654159431631e-02 1.512843209457238923e-03 4.376403434516328711e-02 2.069151599551451171e-02 2.319934364383493403e-02 2.859893286852857597e-02 1.047883513361593105e-01 1.293713019052762370e-01 4.244396701385830944e-02 1.963151246381246787e-03 3.012547595444386647e-02 5.329426222397516677e-02 4.794142467136283670e-02 4.568930029395978920e-02 2.104833218281060997e-04 8.200998113809680745e-02 1.138680740185506052e-01
1.286442838260292987e-01 4.571344659243543190e-02 5.960290861671382933e-04 7.836124517117568078e-02 4.163378243844977544e-04 6.938680015217497943e-02 2.829075199076745012e-02 2.852384913676348291e-02 1.412540347279847043e-02 1.088363195308841430e-01 9.723568896331007128e-02 2.517580558036902616e-02 9.724291117009900608e-04 1.554135877037084168e-02 8.890621621020253218e-02 2.249843082244773820e-02 3.344703519844283157e-02 1.546410846098321195e-04 1.483971574471326660e-01 6.477677002783313598e-02
1.451879193224516751e-01 2.874641158519128728e-02 4.392292957960019367e-03 5.016846758251096439e-02 6.970681853677739015e-03 4.145397158369511920e-02 2.378539561954041634e-02 2.717760615651882566e-02 2.546297240141480803e-02 9.370027317848296511e-02 1.142525443804595919e-01 5.142678065690109435e-02 3.027689166669243585e-03 2.971433236044831311e-02 5.189818121051083255e-02 5.178647376568008137e-02 6.900718193716823268e-02 5.005386700511403565e-04 9.028537723216888133e-02 9.105490837849879171e-02
1.492858650780144181e-01 2.979379416777799480e-02 3.692417807581912289e-03 5.565834916789971082e-02 4.590750850426074392e-03 4.561041356757969401e-02 2.049531007751244707e-02 2.286615409423147990e-02 2.617464924069358087e-02 9.907247867671077624e-02 1.107070925690131213e-01 4.665755714702729540e-02 2.959168558475353070e-03 3.114100468315825210e-02 5.966313149296528784e-02 4.964457733610776885e-02 5.114710046087083545e-02 3.929570819154283644e-04 1.111064933357835821e-01 7.934073460625497287e-02
1.096433500667498562e-01 2.758556425292757464e-02 4.327299882623600671e-03 4.126190691668263355e-02 1.726750487953921179e-02 3.581443785234365851e-02 2.408916623484998534e-02 2.798395143158674547e-02 3.605219083676183128e-02 7.521380486974021951e-02 9.598132101185392895e-02 7.698046694093703401e-02 9.153024125753020032e-03 4.664143993823820222e-02 4.171975823291797919e-02 8.693900046973700169e-02 8.936596158214574204e-02 8.923497769432455970e-04 6.146169859010005426e-02 9.162580210756865462e-02
1.381999541431164769e-01 3.899652457071359907e-02 8.395791919944774542e-03 5.683462620524430686e-02 2.366142756979819871e-03 5.054311365548578433e-02 2.999684868594138659e-02 3.371338191398463163e-02 1.692102709224834606e-02 9.542362574422658117e-02 1.166714279562060530e-01 4.588160829038985533e-02 1.668950560446177522e-03 3.488678206152883571e-02 5.788735633805897757e-02 5.063563908310021039e-02 4.560239231572899704e-02 3.977257518901159013e-04 8.091108287084734785e-02 9.406599808391770401e-02
2.648750523645274080e-02 3.873914857241229828e-03 9.397150524423510641e-04 7.598157335624343769e-03 7.795808649735522233e-02 5.765694294757375653e-03 3.035102932002049347e-03 3.581778612152600183e-03 4.192178060342981877e-02 1.634605803195641680e-02 2.264999477066818520e-02 2.218869333366288721e-01 2.354399971005134012e-02 4.461324483540951569e-02 7.426551125374641210e-03 1.912531888022835080e-01 2.656576276079094523e-01 4.747608099203196280e-04 1.315308689401093432e-02 2.183281865432888658e-02
1.289956831658324032e-01 5.292878126761570157e-02 8.461059962814538107e-03 7.349332250844078929e-02 5.299933815906495739e-04 6.725897898423678634e-02 3.848515727489153215e-02 4.071297255800121473e-02 1.738771688748415312e-02 1.001242947653518539e-01 1.047448950454661770e-01 3.110489764012071626e-02 4.717476981644192434e-04 2.107582939135076508e-02 7.569000814895551765e-02 3.142398845450394829e-02 3.408429527157691430e-02 2.214614900579158505e-04 9.567702918517370647e-02 7.712788691837023369e-02
1.292654494612814620e-01 3.321401460537614508e-02 9.129766650066588113e-04 6.059004687633706698e-02 1.715000377530611318e-03 5.341928486815457344e-02 2.381123494649145522e-02 2.686811623796547116e-02 2.165262888932787191e-02 1.129379212450733888e-01 1.113047905934563264e-01 3.772356728544196125e-02 2.751814301408180095e-03 2.415446608917157234e-02 6.890040700411208252e-02 3.983480346899517105e-02 4.394623580351615655e-02 2.096561373694544751e-04 1.171194133483245414e-01 8.966817179565983453e-02
1.424076846089102066e-01 4.168469647250899746e-02 1.896797130434862109e-03 7.384749332315178327e-02 1.136921656259047043e-03 6.309725946964109267e-02 2.744984264239950372e-02 2.841221285748572745e-02 1.535669065455083811e-02 1.079042598939822795e-01 1.088474379427569333e-01 2.637637707540359255e-02 1.542493080194296982e-03 1.809533239147777250e-02 7.989090909812646135e-02 2.693516551262933878e-02 2.945242360890305139e-02 2.320400585347490770e-04 1.274759800741148419e-01 7.795798244853446857e-02
1.395535638141655044e-01 4.712306152878715376e-02 2.689503819563378306e-03 6.997015031345724112e-02 6.717211367313386146e-04 6.485249273959957372e-02 3.404752783489903983e-02 3.542478765282393999e-02 1.112628625466726209e-02 1.092093730611789215e-01 1.147511425606060342e-01 2.585205404984663655e-02 5.340802502463096050e-04 1.407991692165542347e-02 7.656135235098836256e-02 2.451589918371180690e-02 3.489072717426727060e-02 1.473515480782718599e-04 1.098019150815230521e-01 8.419709272320342885e-02
9.946609489464552922e-02 6.481311656616112193e-02 2.224007922276543397e-03 9.120511252090338083e-02 3.829386477804249886e-04 8.960256974565848631e-02 3.964485507127731706e-02 3.771670808868674701e-02 9.054315334601848245e-03 9.692435063694246344e-02 8.177721515709270028e-02 2.107874932212483107e-02 3.434146288694181850e-04 1.182667376996205354e-02 1.071022503237121504e-01 1.932244389255906997e-02 2.732963440123875945e-02 1.304835778835985896e-04 1.426954283930446377e-01 5.735963710457894771e-02
1.196630643090084711e-01 2.016047760871118172e-02 4.824366784142340540e-03 3.500021184745961272e-02 3.966300470491904845e-02 2.794476645423229003e-02 1.706242284658762709e-02 1.981520460947457443e-02 2.936200944685371170e-02 6.981426059873988010e-02 9.818531856595240359e-02 8.157847230515488657e-02 9.889901050873003280e-03 4.957714646513019380e-02 3.420182945946595443e-02 8.670904018448276351e-02 1.101964995349830334e-01 9.591139834709152103e-04 5.643220659710845161e-02 8.896068264324979991e-02
1.612476227264101059e-01 3.246022805843724879e-02 9.795210818157079787e-04 6.378936869302012647e-02 3.052607892720171374e-03 5.091633405725871919e-02 2.103091923546246758e-02 2.274039453491411011e-02 1.797894067608157148e-02 1.082936321809904595e-01 1.105491438245355257e-01 3.407840437718497734e-02 3.033252397836217265e-03 1.996057827510471297e-02 6.862302498217578983e-02 3.149717508512862862e-02 4.559461006979498993e-02 3.360861242676860738e-04 1.320455834645791193e-01 7.179257226228179245e-02
1.502398520472293386e-01 2.783794354723349504e-02 5.798568329066604299e-03 4.857440623807648267e-02 1.752764641154122907e-02 3.885097720960594553e-02 2.197035273719641704e-02 2.544768933361918339e-02 2.256984262590723544e-02 9.513942153114861300e-02 1.200285927690711296e-01 5.056330517907036554e-02 7.954542954215918296e-03 3.867948801285380628e-02 4.739365847010417604e-02 5.799901586153177052e-02 4.891867086666283615e-02 8.722548063899634172e-04 7.562275023205397573e-02 9.801102083742148363e-02
1.671890938200382704e-01 2.555790962739462255e-02 3.653290103974985315e-03 4.741337751969895709e-02 9.703403183840527205e-03 3.644945068159484436e-02 1.984403635419224043e-02 2.342086069231457887e-02 3.290081406744098380e-02 9.570346405446768234e-02 1.312711160413476685e-01 4.591896183904285722e-02 6.250841885890599629e-03 3.503186093321606492e-02 4.467683022345426969e-02 5.066961700023122489e-02 4.605440496427121860e-02 6.025258411179980822e-04 7.148740155544307251e-02 1.062007396110273005e-01
1.542997177195655767e-01 4.635364030841019473e-02 2.150100760276156195e-02 5.604677581558411420e-02 8.620563144121951059e-04 4.765163496135501470e-02 4.031682847294770777e-02 4.496549646298280550e-02 9.869557480450017600e-03 8.177364018756787256e-02 1.424828145975859661e-01 3.797589530268903613e-02 7.887147742023409465e-04 1.831609792042322368e-02 4.694347064890924681e-02 3.931697103605006488e-02 3.376030861600283484e-02 3.399983613536792311e-04 4.707339147920362038e-02 1.293619819375431690e-01
7.360207773395643915e-02 5.483968079630294201e-03 6.900162311125419747e-04 1.469961586718407376e-02 3.455469951431990733e-02 1.013020905687473695e-02 4.529487454418881440e-03 5.599736748871015669e-03 2.845450095115179684e-02 4.826816952864848576e-02 6.133966925111455915e-02 1.375887022819599070e-01 1.631871246619019319e-02 3.053330481140451372e-02 1.446041489054205979e-02 9.311623442578281784e-02 3.223329386639094962e-01 2.960689564166804166e-04 4.271377589301537936e-02 5.528769719349615336e-02
2.141010972444548910e-01 3.235631359829720805e-02 2.910422290865349784e-03 4.894495259533331727e-02 8.626094204122582501e-04 3.840526212766373626e-02 2.596081032998037719e-02 2.759308906288692603e-02 2.129599373188323028e-02 7.910378763748962538e-02 1.569168795435795516e-01 3.753870099916524483e-02 2.118041906901171108e-03 2.735335014051052532e-02 4.189080250639953817e-02 4.002983145688806393e-02 3.299876267685970810e-02 3.070481532118557780e-04 5.159536814429906831e-02 1.177168764329182965e-01
9.385417776320925665e-02 1.118779326735787685e-02 1.533985134447565790e-03 2.187157871238935847e-02 5.349344437053675516e-02 1.698325580911134655e-02 9.385100435348637735e-03 1.104397459912381287e-02 5.555174990732433815e-02 6.319945384529800092e-02 8.422630055240884484e-02 1.017162839042978079e-01 2.148874366862901786e-02 5.822193221101697874e-02 2.154487438023765244e-02 1.298397102245107959e-01 1.083727469825959133e-01 4.317515470636013627e-04 5.032936724709222154e-02 8.572377543800023536e-02
3.301858055769402167e-02 4.949184065126218356e-03 1.302578160530969793e-03 8.884352841852918847e-03 1.334930342337064813e-01 6.713354571289644433e-03 5.021795136034250609e-03 5.844769403497496359e-03 1.121785631343611561e-01 1.831654347889109455e-02 2.908522347760972987e-02 1.219204488330710295e-01 8.623783187892179736e-02 1.057573017820994526e-01 8.164705361361280708e-03 1.807300818442271750e-01 9.039426532246144785e-02 2.840101305498870382e-03 1.295552220968500257e-02 3.219176240207986123e-02
1.571218959685708461e-01 3.907704156354880470e-02 4.136191564911851672e-03 5.634540594596014473e-02 1.724467211282483189e-03 4.910617764042787131e-02 3.264875319079189181e-02 3.688934889420410895e-02 1.564275992166062890e-02 9.929610866946313175e-02 1.363494201391291794e-01 3.042478889084319210e-02 1.400030916627970816e-03 2.053802782423330697e-02 5.508207757502164847e-02 3.266881063228189302e-02 3.423131075955972852e-02 2.664526700602008768e-04 7.182206846180688720e-02 1.252288615596143240e-01
1.224786828247139830e-01 3.555189346045464077e-02 2.816251048449867900e-03 5.429994787442127269e-02 7.316011131806163074e-03 4.670052924841939374e-02 3.017915292531426000e-02 3.366876101716047287e-02 2.232794413508707929e-02 9.606738761409358562e-02 1.095079632629799155e-01 4.093268729492412911e-02 3.213582621124306486e-03 2.479782267399545728e-02 5.488677578722618577e-02 4.026958661349420293e-02 8.875692730464454505e-02 6.770779674362230327e-04 8.304756286906564422e-02 1.025034523251885238e-01
4.984331091157247901e-02 8.382018693027057377e-03 2.697180787681470807e-03 1.932964111404460172e-02 7.270508355784228993e-02 1.063354838013470978e-02 1.229534809743870576e-02 1.379619662598029206e-02 3.281783691461734320e-02 3.200012210166353760e-02 4.316420280128796527e-02 1.819711445140069772e-01 1.299182665833056340e-02 3.801980522151185427e-02 1.232621315709596550e-02 1.353298953491937073e-01 2.519216500988873397e-01 1.328203456942574296e-03 2.673058041933884521e-02 4.171619113940169821e-02
3.310102881190575552e-02 8.875944278823127975e-03 1.628757074945819507e-03 1.375240245608055564e-02 3.584796013530772846e-02 1.127632424160027007e-02 1.039286552035195363e-02 1.207491759357850851e-02 2.456473996545328886e-02 2.178671491464144808e-02 2.895061873622857898e-02 3.161558349971388959e-01 1.037229422932181566e-02 2.793432014966384588e-02 1.310715057822300737e-02 2.378648378814495756e-01 1.442369225127122234e-01 1.574283662837999221e-03 1.853905265285897552e-02 2.796302960687655284e-02
6.011997285921134859e-02 1.261011879277168339e-02 3.300820600804644633e-03 1.993317511761115435e-02 7.346911304039954738e-02 1.626705189391293438e-02 1.358718714414763711e-02 1.595723287095470247e-02 4.274500777778288130e-02 3.661066691283372532e-02 5.288224969711189521e-02 1.424907928487269548e-01 1.490475461502140803e-02 4.576761370531427786e-02 1.902904647659185017e-02 1.285278934838131604e-01 2.167138784840920429e-01 2.158345083108782324e-03 2.806718974574079484e-02 5.485788885004844878e-02
1.165307696875727064e-02 4.662781770802972188e-03 2.352325587512497148e-03 5.730032462124704309e-03 1.239758491530358886e-01 5.135222611269992139e-03 5.276132474862872332e-03 5.872412627361350834e-03 7.716764934464584447e-02 7.834034083032253085e-03 1.038997246689889881e-02 1.416763888767644253e-01 6.278547451098971666e-02 8.522299734263504012e-02 5.497361306794986205e-03 3.684791162949038190e-01 3.931938330053341007e-02 1.914706916693699815e-02 6.676547909979471673e-03 1.114617174015761214e-02
3.763352779748731225e-02 1.036391220382251906e-02 4.913912025792866421e-03 1.426840968214452068e-02 9.334102302622764025e-02 1.208926308503699767e-02 1.200949818036547122e-02 1.382154790716181615e-02 2.984760664412936665e-02 2.201397425126884119e-02 3.248380712640577123e-02 1.967334232768465363e-01 1.457096336131741970e-02 5.050606850743108445e-02 1.330765616659394801e-02 1.451193195610112896e-01 2.377267994212326208e-01 7.474429978272053091e-03 1.738461254673129980e-02 3.439024525072068711e-02
2.565838537268640487e-02 5.156038533683931190e-03 1.543722438564210748e-03 8.772159388384203130e-03 6.180177026164378196e-02 6.752237595462196387e-03 6.060017846193489419e-03 7.053144597323091070e-03 5.631927130981975033e-02 1.533269085490105224e-02 2.225870930805758444e-02 2.277407531086389214e-01 3.962018872458213797e-02 6.119126936405300254e-02 8.124469804051568864e-03 3.260406896172506341e-01 8.279251145348298646e-02 2.308154312366846993e-03 1.221542425994049524e-02 2.325839184891367525e-02
